%YAML:1.0
R: !!opencv-matrix
   rows: 3
   cols: 3
   dt: d
   data: [ 0.999997077461699, -0.00121408223990725, -0.00209071097369613, 0.00120847853864484, 0.999995680012358, -0.00267946566378505, 0.00209395503352542, 0.00267693125360179, 0.999994224679013]
T: !!opencv-matrix
   rows: 3
   cols: 1
   dt: d
   data: [-301.171454518187, -0.810649549518410, -1.08646264711317]

