%YAML:1.0
M1: !!opencv-matrix
   rows: 3
   cols: 3
   dt: d
   data: [860.152579526308, 0., 644.930794213491, 0., 856.087574532078, 529.241628190062, 0., 0., 1. ]
D1: !!opencv-matrix
   rows: 1
   cols: 5
   dt: d
   data: [-0.217671830071643, 0.0962914420378242, 0., 0., -0.0242557758405049]
M2: !!opencv-matrix
   rows: 3
   cols: 3
   dt: d
   data: [ 858.414343559068, 0., 641.941925340729, 0., 854.615332699525, 529.221826165265, 0., 0., 1. ]
D2: !!opencv-matrix
   rows: 1
   cols: 5
   dt: d
   data: [-0.221725435971925, 0.102875232483613, 0., 0., -0.0271653037754454]
