# oST version 5.0 parameters


[image]

width
1280

height
1024

[narrow_stereo/left]

camera matrix
858.829304 0.000000 646.786447
0.000000 855.214965 524.391355
0.000000 0.000000 1.000000

distortion
-0.199660 0.057659 0.000091 0.000177 0.000000

rectification
0.999778 -0.000959 0.021041
0.000961 1.000000 -0.000102
-0.021041 0.000122 0.999779

projection
797.541628 0.000000 618.724014 0.000000
0.000000 797.541628 523.339687 0.000000
0.000000 0.000000 1.000000 0.000000

# oST version 5.0 parameters


[image]

width
1280

height
1024

[narrow_stereo/right]

camera matrix
855.845966 0.000000 643.703662
0.000000 851.377581 522.104936
0.000000 0.000000 1.000000

distortion
-0.203182 0.058222 -0.000423 0.000038 0.000000

rectification
0.999741 0.000387 0.022773
-0.000390 1.000000 0.000108
-0.022773 -0.000117 0.999741

projection
797.541628 0.000000 618.724014 -239.597091
0.000000 797.541628 523.339687 0.000000
0.000000 0.000000 1.000000 0.000000

