image_width: 1280
image_height: 1024
camera_name: narrow_stereo/right
camera_matrix:
  rows: 3
  cols: 3
  data: [855.845966, 0.000000, 643.703662, 0.000000, 851.377581, 522.104936, 0.000000, 0.000000, 1.000000]
distortion_model: plumb_bob
distortion_coefficients:
  rows: 1
  cols: 5
  data: [-0.203182, 0.058222, -0.000423, 0.000038, 0.000000]
rectification_matrix:
  rows: 3
  cols: 3
  data: [0.999741, 0.000387, 0.022773, -0.000390, 1.000000, 0.000108, -0.022773, -0.000117, 0.999741]
projection_matrix:
  rows: 3
  cols: 4
  data: [797.541628, 0.000000, 618.724014, -239.597091, 0.000000, 797.541628, 523.339687, 0.000000, 0.000000, 0.000000, 1.000000, 0.000000]
