# oST version 5.0 parameters


[image]

width
1280

height
1024

[narrow_stereo/left]

camera matrix
861.646400 0.000000 646.061688
0.000000 857.557560 524.501476
0.000000 0.000000 1.000000

distortion
-0.202884 0.060755 0.000311 0.000225 0.000000

rectification
1.000000 0.000941 0.000047
-0.000941 1.000000 -0.000194
-0.000047 0.000194 1.000000

projection
798.619533 0.000000 644.675423 0.000000
0.000000 798.619533 524.237610 0.000000
0.000000 0.000000 1.000000 0.000000

# oST version 5.0 parameters


[image]

width
1280

height
1024

[narrow_stereo/right]

camera matrix
860.854009 0.000000 637.075051
0.000000 856.561156 522.408622
0.000000 0.000000 1.000000

distortion
-0.205434 0.061428 0.000081 0.000243 0.000000

rectification
0.999990 0.002215 -0.003814
-0.002214 0.999998 0.000198
0.003814 -0.000189 0.999993

projection
798.619533 0.000000 644.675423 -237.872811
0.000000 798.619533 524.237610 0.000000
0.000000 0.000000 1.000000 0.000000

