image_width: 1280
image_height: 1024
camera_name: narrow_stereo/right
camera_matrix:
  rows: 3
  cols: 3
  data: [860.854009, 0.000000, 637.075051, 0.000000, 856.561156, 522.408622, 0.000000, 0.000000, 1.000000]
distortion_model: plumb_bob
distortion_coefficients:
  rows: 1
  cols: 5
  data: [-0.205434, 0.061428, 0.000081, 0.000243, 0.000000]
rectification_matrix:
  rows: 3
  cols: 3
  data: [0.999990, 0.002215, -0.003814, -0.002214, 0.999998, 0.000198, 0.003814, -0.000189, 0.999993]
projection_matrix:
  rows: 3
  cols: 4
  data: [798.619533, 0.000000, 644.675423, -237.872811, 0.000000, 798.619533, 524.237610, 0.000000, 0.000000, 0.000000, 1.000000, 0.000000]
